structure(c(-0.801681474619914, -0.295822225375153, -0.469907183645697, 
0.143305942978145, -0.242525562452564, 0.205666783054157, -0.0406678321000787, 
-0.206772750384424, -0.171450390813819, -0.144215518571540, -0.327741609618948, 
-0.6178529814963, -0.218212754582892, -0.214783582512296, -0.567433188451791, 
-0.310169247056162, -0.27778556162073, 0.0361716985495552, -0.678113802267196, 
-0.448302658060594, -0.0542295822618064, -0.457792493498062, 
-0.521062075468072, -0.110389725613501, -0.301798780540565, -0.209156916016803, 
-0.411194809461845, 0.485927482658379, -0.275269318952013, -0.72890457877493, 
-0.590756536609410, -0.484952826005713, -0.128778689146886, -0.552557809362035, 
0.0644388073121252, -0.651133537069724, -0.199334962819587, 0.16500758221701, 
-0.0810970249070015, -0.131905137971060, 0.0791452486309048, 
-0.546660640669813, -1.24764653357657, 0.0388660546213505, -0.0814798775497672, 
-0.318099243321845, 0.197946942979873, -0.024978259991917, -0.310806363633079, 
-0.184291494768343, -0.257030204909766, -0.204754647117809, -0.148188839958751, 
0.1168890146204, -0.00387570285292855, -0.660506304957089, -0.154260729955686, 
-0.157464046093648, -0.363774340764254, -0.516385584538132, 0.0405509270984218, 
-0.439187189989289, -0.219681266799244, -0.141938419412582, -0.250998297176683, 
-0.760379848517112, -0.428368201058546, -0.723466273998285, -0.216624953872696, 
-0.319745556202635, -0.234962891637607, 0.185685058319311, -0.414622356530308, 
0.225704353092901, 0.103189930041311, -0.176080641648806, -0.987955045781212, 
-0.29507680436781, -0.115506924143040, -0.788142978284326, 0.038309962114041, 
-0.209205291607412, -0.0434460623100341, 0.530853868509078, 0.00110018835197786, 
-0.637218104385629, -0.691705164382417, -0.0461910733236097, 
0.0819411375003712, -0.182244670600762, -0.159810316710487, -0.0825367747690807, 
-0.128537574572663, -0.178078579105115, 0.147149339203918, -0.0684062593510657, 
-0.169343369755664, -0.220364927191838, -0.360349971346464, -0.1740896854589, 
-0.365031657798781, -0.352043612665695, -0.199127282605619, 0.0357652748397500, 
0.122193556994228, -0.221836726378989, 0.468193768574014, -0.57138194303319, 
-0.214601351980595, -0.57538225939584, -0.143061193012587, -0.0193826113162779, 
-0.24421863813174, -0.436487829828252, -0.0681757618094759, 0.0565687901928034, 
-0.62121736492902, -0.473534659337887, 0.0029301073267103, -0.381379541149667, 
-0.439664617367573, -0.297165245487235, -0.52881033687079, -0.260954272459924, 
-0.599569708827639, -0.596167718187192, -0.436780466325372, -0.0499745287804701, 
-0.294923119261219, -0.00746806535111218, -0.486959102645528, 
-0.51807298505234, -0.378630673755272, 0.0894262204232197, -0.466279639695691, 
-0.00293013511002917, -0.188515757145500, -0.087225357862355, 
-0.00645175675671685, -0.249681919446917, -0.835823592301515, 
-0.891817776419218, -0.111075022664552, -0.287352843305272, -0.651152102824207, 
-0.047696966001043, 0.0216237158861425, -0.606617982294714, 0.00731529272501418, 
-0.109646038947775, -0.13582081327841, -0.794141864564295, -0.0389546519156554, 
-0.254717370120385, -0.188439000193205, -0.194041770196943, -1.15735197234785, 
-0.0501292978670249, -0.215676228677352, -0.289120452323777, 
0.107815864227508, -0.459961721231462, 0.256158724796664, -0.18058185859167, 
-0.097392130223926, -0.186379458268871, -0.447767166322016, -0.212587638118975, 
-0.340301869838406, 0.156169707536752, -0.674763556099861, -0.834816559120598, 
0.0137584132945739, -0.118511600402947, -0.637388730345223, -0.289432302451696, 
-0.198117793924078, -0.368341857300210, -0.551749464728485, -0.460769610788384, 
-0.122322662801877, -0.0594193198193769, -0.294469276909689, 
-0.60442052303622, -0.503682245979088, -0.771228958470251, -0.167223306809036, 
-0.217179849258330, -0.0423029944904801, 0.065712750080197, -0.0354151688877674, 
0.027803419847724, 0.109538897446344, 0.0909290558689713, -0.151200178912452, 
-0.70257506582445, -0.679845863131999, -0.470153838902626, -0.0499429667253118, 
-0.627140167470316, -0.357676691989254, -0.080692531269032, -0.0795828887665014, 
-0.509109658431025, 0.181361178660432, -0.283969102897243, -0.395036641170221, 
-0.500282674712796, -0.0769870951624347, -0.627095789665544, 
-0.247142472236899, -0.098736201952351, -0.121744789803535, -0.513037964190779, 
-0.47976322438696, -0.114796716860165, -0.0195929815432360, -0.365445924212483, 
-0.338000201778373, -0.629617526759444, 0.0118278003515841, -0.0845902048005591, 
-0.0995540601120047, -0.191216316789009, -0.299532040449865, 
-0.511498942780252, 0.0596992616755736, -0.349094740020121, -0.553880793946738, 
-0.0672962356778714, -0.429587017091976, -0.264352807501948, 
-0.149157337297354, -0.628307559782757, -0.0985039157710419, 
-0.448506778694461, 0.0477683629461896, 0.142612969802931, -0.0493412223518617, 
-0.241661368384608, 0.125690843227243, 0.198925031780511, -0.0148546833597058, 
-0.363468742590887, -0.339640645539911, -0.211292569804416, -0.434059974981313, 
-0.075435261579326, -0.297021153112448, -0.215258038755418, -0.299930582092940, 
-0.0416615185550961, -0.454123683671806, -0.676798052949117, 
-0.563067316670837, -0.436195844103136, -0.0364798146080673, 
-0.403829879257632, -0.197324435969313, -0.364111197796761, -0.144793676973652, 
0.0238902297876572, -0.578080515910982, -0.151651094942369, -0.262053716721258, 
-0.194951836614672, 0.214967337707911, -0.484820344056357, -0.515942296721833, 
-0.82525599811725, 0.270913843461968, -0.0446461318482287, -0.510774008857954, 
-0.259255855823387, -0.146973091733248, -0.0752853576778206, 
0.0226810853355776, -0.690443042465246, 0.0139684166744801, 0.370224490631388, 
-0.90107446238743, -0.214991831660120, -0.195305941865472, -0.155332061845018, 
-0.667174406176277, -0.411842543104452, -0.118901342439697, -0.0555613131380287, 
-0.0788616772489276, -0.0388833588947352, -0.000898389493654368, 
-0.366644496104808, -0.124557267134186, -0.170921759791032, -0.224634633545997, 
-0.129415848797377, -0.269383314036296, 0.350942953712379, -0.581505948837585, 
0.35034635698173, -0.433783849566904, -0.59019944752006, -0.687912125871869, 
0.0815724675133548, -0.202149896595448, -0.198913909460567, -0.610935214063445, 
-0.182503524929366, -0.584518556878768, -0.19585036767818, -0.292345777821524, 
-0.308935011962346, -0.0762677737267212, 0.0517660416892985, 
-1.12374464713385, 0.0802760243295057, 0.0848795893080794, -0.177007556358035, 
-0.15152350671302, -0.219817679023771, -0.266877541269267, -0.500535906613454, 
0.296196364319039, -0.129253955874156, -0.0748904384529173, -0.480787182181, 
0.0921142509171001, 0.0328740153065042, 0.0358579366065992, -0.583537004954005, 
-0.465626153979032, -0.319359155996118, -0.0176558804454673, 
-0.405760229946905, -0.617700305564202, -0.245957990256873, -0.332214612070202, 
-0.490181505347399, -0.67568676366482, -0.404787704096382, -0.518541166622502, 
-0.388130485487638, -0.131374576094446, -0.0480471329980936, 
-0.163130275829281, -0.244554327596331, 0.083494444212746, -0.507055245977861, 
0.0696008146361699, -0.244193556976645, -0.88951186615635, -0.259695236220353, 
-0.0987219485186038, -0.137705684119712, -0.419941509483591, 
-0.592221193679869, 0.127972934126166, -0.400721765430685, -0.32045868228142, 
-0.125948313123961, -0.0858840188003128, -0.963890896972063, 
0.0401108967346689, -0.492695287135426, -0.283664068284442, -0.165454306077448, 
-0.0493086858846268, -0.0724605664078717, -0.421326909275968, 
-0.0787854567275045, -0.141670169909621, -0.127995788713918, 
-0.375122297423312, -0.386989216845336, -0.570476090699449, -0.0846639283138528, 
-0.222931078031161, -0.00712306457884539, -0.216685713657982, 
-0.283505860663920, 0.033573090920991, -0.265847727363719, -0.12993924930172, 
-0.962114174993064, -0.338866642408044, -0.62965857002354, -0.30235926507691, 
