structure(c(1.61118826515140, 1.95141300370879, 1.75558014844527, 
1.87665281192605, 1.98994455844175, 1.66731124276442, 1.86723199698376, 
1.85015398196151, 1.98978081204912, 1.87423378473235, 1.95618276187776, 
1.63074764297710, 1.76288495476292, 1.72577792817673, 1.74537421659826, 
2.16592548688879, 1.77176314545857, 2.17441944349255, 1.79290506952098, 
1.91967545207168, 2.12341838394629, 1.93378461488763, 1.96045244250038, 
1.97738010946829, 1.77645500965695, 1.90322834103330, 1.82996052777328, 
1.98670033946092, 1.91296855274850, 1.65008094552461, 1.92471275766003, 
1.82488610483283, 1.83741846555186, 2.16470345112453, 1.48636635261743, 
2.02050598373142, 2.02458140977209, 2.02615976906295, 1.93230253580801, 
2.16636735516843, 1.87216967616898, 1.63542288201136, 1.76039584590602, 
1.76482097698803, 1.94519196431069, 1.52867516443835, 2.02126046539410, 
1.99761671280989, 1.94241583343734, 1.89549278924838, 1.98575023378311, 
1.52591398961060, 1.96455235639013, 1.80031611612793, 1.83315602978556, 
1.9387208956383, 1.86151251990883, 1.89003999563449, 1.80786062227488, 
1.79506604925497, 1.74828286424116, 1.98189301637085, 1.86406096461386, 
2.03197746113688, 1.91786883413564, 1.67913823139049, 1.87854859831915, 
1.94334966789743, 2.02470545519402, 2.13757711064884, 1.74531334807431, 
1.92831094608631, 1.78253561014144, 2.03771407901633, 1.82393662601348, 
1.83267742563991, 1.95543773668904, 1.89878110456483, 1.77404571745098, 
1.85163182441755, 1.91142854624451, 1.90303553252365, 1.93470565484306, 
2.01669036724545, 1.89766945011249, 2.09872970189870, 2.0570853706874, 
1.91618144879550, 1.96482807363967, 1.70921082804287, 1.66319003896842, 
1.88992621701663, 1.87401837023158, 1.94230963288045, 2.03371685033856, 
1.69608631862718, 2.13260176985339, 2.02675479338337, 1.92474795760077, 
1.96283680897029, 2.08679421246224, 1.95850199190542, 1.95173777769369, 
1.96393023246181, 2.00170873049669, 1.86551534544104, 1.92751444667189, 
1.81867846715379, 1.89497146234115, 2.10315954318421, 1.79505919132455, 
1.81997488830265, 1.79167941208071, 1.92547368699169, 2.07659370343921, 
1.89384971140698, 2.03308560183224, 1.95103708052711, 1.85250564049882, 
2.00766467569035, 2.09743320378394, 1.74902081253346, 1.58820663445592, 
1.75956454947081, 1.77855007695291, 1.81694775443468, 1.90739319984484, 
1.67164340820029, 1.75948755522322, 1.86440699906235, 1.82446620274746, 
1.74871228614157, 1.95685397613105, 1.95265611147671, 1.77276762380040, 
1.67196174663600, 1.92527112614236, 2.08875501853469, 1.92227194012954, 
1.78170124965498, 1.90135924013223, 1.96728759580113, 1.91713122453891, 
1.94330784180718, 2.12955479798235, 1.91539476096201, 1.70129383185657, 
2.04992098884978, 1.84123667839747, 2.23054616303679, 1.77759359706421, 
1.91783025995668, 1.46529005446307, 2.13005372954921, 1.70500294626034, 
1.83221830648045, 1.84298780375683, 2.11781967296244, 1.75903489630048, 
2.00329325564601, 1.73957365472050, 1.66295333821429, 1.79646232532828, 
1.87019841342116, 2.03277250426853, 1.83637069424811, 1.70846315257994, 
1.51223707261311, 1.97911974963864, 1.94357061670444, 2.05848992526388, 
2.02422853828812, 1.9408597468518, 1.99699976390973, 1.96392655100730, 
1.93195803853508, 1.95829908875071, 1.93176417072850, 2.00177106733690, 
2.03584348848327, 1.98850214247002, 1.80946392891813, 1.90360065853064, 
1.80352566280206, 2.14161253903379, 1.80937578077442, 2.05253348280310, 
2.13462412916287, 1.89565198669328, 1.75864693781390, 2.11636375971568, 
1.97120410072229, 1.66512078794033, 1.93550194670989, 1.89917455424737, 
1.79284758291175, 1.96159025806996, 2.07085206597791, 1.60510770665638, 
1.95750862695517, 1.70713431649432, 1.99274438814785, 1.88256219960154, 
1.70049538946682, 1.59941079624831, 1.91032819703788, 1.85857784051048, 
2.02225221846318, 2.07396588823075, 1.75962804074528, 1.60724990836677, 
1.85724734121944, 2.07211127769581, 2.10007688518833, 1.94711977296037, 
2.05733184305139, 2.07856363780250, 1.8936852944926, 1.67795203208997, 
1.96247860365906, 1.83001406708918, 2.02671709933539, 2.04590036381339, 
1.81844518079383, 1.99088973093418, 1.68929017662608, 2.03323600434981, 
2.00877550118630, 2.12416814512160, 1.66357394301499, 1.87977043973865, 
2.09635740397339, 1.85266469967601, 2.06314984266119, 2.11501102309258, 
1.75740728378350, 1.97923719602259, 1.80135940561576, 2.07741905377184, 
1.90405629008408, 1.84948854765363, 1.53244724425165, 1.88959025519001, 
1.91254837874265, 1.98655970723022, 1.94799462539958, 2.01959570552119, 
2.14390166940139, 2.10133292236838, 2.05618701426252, 1.64729398257345, 
1.72160592576081, 1.93700379451919, 1.94581728273417, 1.71106569918589, 
1.85023900588168, 1.84583969702378, 2.07230062821815, 1.95108525466816, 
2.24860836063139, 1.47861319917659, 1.87986426374435, 2.14298419919688, 
1.99259155996203, 2.15770377018984, 2.1432413725685, 1.87040190919526, 
1.86251876015316, 1.66505321692874, 1.70913428540785, 1.97497500615700, 
1.96362245800215, 1.97270349983034, 1.7126852733912, 2.01883381926586, 
2.09404696371752, 1.89000592087441, 1.85459548194815, 1.83651386554141, 
1.78392129114427, 1.69084053564117, 2.14039858037075, 1.76757059065388, 
1.90761056122094, 1.54640072385773, 1.97093398312540, 1.84077877814674, 
2.04389346614319, 1.97628524857775, 1.89216823825412, 2.03373135308831, 
1.75663954429000, 1.91008769566658, 1.78124735836972, 1.69723447822777, 
1.90007958594071, 1.71095589101336, 1.89921920866268, 1.99678210467153, 
1.92610796572989, 2.08647620548377, 1.78859188271057, 2.14512303414165, 
1.83220681218894, 1.74000292042648, 1.83915478494581, 1.71249258283354, 
2.04017375762491, 1.87710756325383, 2.07052063666269, 1.8949661316539, 
1.63649834613573, 1.92696735068333, 1.93484667410298, 1.83223050498960, 
1.85159296995389, 1.78110972863759, 1.81113971739501, 1.87963525994440, 
2.02768296955979, 1.73388418980754, 1.86587088548254, 1.92413965302311, 
1.93465253615463, 2.01258555621546, 1.70545552256041, 1.93019964795916, 
1.74124204064168, 1.72301655765203, 1.85845301070961, 1.90585020788898, 
1.80870469875854, 2.05498843523371, 2.07655547817652, 2.00952917563739, 
2.27843415181125, 1.65850405729804, 2.07350280345801, 1.79489976212707, 
1.89600029020049, 2.02671213397762, 1.74311605394210, 2.00468740396442, 
1.67524708407200, 1.86387222826785, 1.87583146456933, 1.92026210070464, 
1.65225517292288, 1.83259628895213, 1.72092230764459, 2.09659804971021, 
1.83886836071512, 1.99202295663571, 2.07332275241605, 2.10227172803960, 
2.17215817559115, 1.78096042557471, 1.66863619072196, 1.91003452944279, 
1.95302273987073, 1.57183048918228, 1.84979931715641, 1.81106919607137, 
1.88552466650765, 1.97488451328877, 2.09504583427886, 1.97622112139996, 
1.96664919377246, 1.99259295799364, 1.78974373499556, 1.97290750565784, 
1.98928940323021, 1.80324170357443, 1.72204041049486, 2.11385457871321, 
1.93385966366292, 1.92048138440235, 1.88770727032935, 1.90285233800531, 
1.97401837357290, 1.90365622649289, 1.90014757055997, 1.89359396462027, 
1.56517740112276, 1.86041254297728, 2.09996130768852, 2.00932799327322, 
1.90364230825487, 1.72888169767564, 1.87022316885751, 1.90611117316663, 
1.82316008679025, 1.59978359539111, 1.98780143482032, 1.95983266812948, 
1.94173232081166, 1.88906219301776, 2.2042738095127, 1.96133247104165, 
1.93025559278049, 1.91901168032688, 1.97138073411436, 1.98419017439742, 
1.9882527181293, 1.76699486941224, 2.00032568958257, 1.82534157524576, 
1.58833376050019, 1.90395284915468, 1.71963115602085, 1.6846674199432, 
1.74835740394594, 1.90605220245045, 2.27352949891217, 2.06179047282417, 
1.79963200386626, 1.81895303540305, 1.8467305740911, 1.90120207936717, 
1.53557370395928, 1.83418573433703, 2.07239036282461, 1.89969466810321, 
1.85108546631773, 1.73671324655319, 2.00723669986676, 1.90909430640546, 
1.70270364598654, 1.74298968025237, 1.87107831894790, 1.94684382245158, 
